{
 "cells": [
  {
   "cell_type": "markdown",
   "source": [
    "# Lancer de rayons (sujet Centrale 2021)\n",
    "\n",
    "Sujet : [https://www.concours-centrale-supelec.fr/CentraleSupelec/2021/Multi/sujets/I007.pdf](https://www.concours-centrale-supelec.fr/CentraleSupelec/2021/Multi/sujets/I007.pdf)"
   ],
   "metadata": {}
  },
  {
   "cell_type": "code",
   "execution_count": 17,
   "source": [
    "import numpy as np\n",
    "import plotly\n",
    "import matplotlib.pyplot as plt\n",
    "\n",
    "plotly.offline.init_notebook_mode(connected=True)  # pour export html\n",
    "\n",
    "def point(x, y, z):\n",
    "    return np.array([x, y, z])"
   ],
   "outputs": [
    {
     "output_type": "display_data",
     "data": {
      "text/html": [
       "        <script type=\"text/javascript\">\n",
       "        window.PlotlyConfig = {MathJaxConfig: 'local'};\n",
       "        if (window.MathJax) {MathJax.Hub.Config({SVG: {font: \"STIX-Web\"}});}\n",
       "        if (typeof require !== 'undefined') {\n",
       "        require.undef(\"plotly\");\n",
       "        requirejs.config({\n",
       "            paths: {\n",
       "                'plotly': ['https://cdn.plot.ly/plotly-2.2.0.min']\n",
       "            }\n",
       "        });\n",
       "        require(['plotly'], function(Plotly) {\n",
       "            window._Plotly = Plotly;\n",
       "        });\n",
       "        }\n",
       "        </script>\n",
       "        "
      ]
     },
     "metadata": {}
    }
   ],
   "metadata": {}
  },
  {
   "cell_type": "markdown",
   "source": [
    "# I Géométrie"
   ],
   "metadata": {}
  },
  {
   "cell_type": "code",
   "execution_count": 30,
   "source": [
    "# Q1\n",
    "def vec(A, B):\n",
    "    return np.array(B) - np.array(A)"
   ],
   "outputs": [
    {
     "output_type": "execute_result",
     "data": {
      "text/plain": [
       "array([ 3, -2,  0])"
      ]
     },
     "metadata": {},
     "execution_count": 30
    }
   ],
   "metadata": {}
  },
  {
   "cell_type": "code",
   "execution_count": 31,
   "source": [
    "# Q2 \n",
    "def ps(v1, v2):\n",
    "    return np.sum(v1 * v2)"
   ],
   "outputs": [
    {
     "output_type": "execute_result",
     "data": {
      "text/plain": [
       "13"
      ]
     },
     "metadata": {},
     "execution_count": 31
    }
   ],
   "metadata": {}
  },
  {
   "cell_type": "code",
   "execution_count": 32,
   "source": [
    "# Q3\n",
    "def norme(v):\n",
    "    return np.sqrt(np.sum(v**2))"
   ],
   "outputs": [
    {
     "output_type": "execute_result",
     "data": {
      "text/plain": [
       "5.0"
      ]
     },
     "metadata": {},
     "execution_count": 32
    }
   ],
   "metadata": {}
  },
  {
   "cell_type": "code",
   "execution_count": 33,
   "source": [
    "# Q4\n",
    "def unitaire(v):\n",
    "    return v / norme(v)"
   ],
   "outputs": [
    {
     "output_type": "execute_result",
     "data": {
      "text/plain": [
       "array([0.8, 0. , 0.6])"
      ]
     },
     "metadata": {},
     "execution_count": 33
    }
   ],
   "metadata": {}
  },
  {
   "cell_type": "code",
   "execution_count": 34,
   "source": [
    "# Q5\n",
    "def pt(r, t):\n",
    "    S, u = r\n",
    "    return S + t * u\n",
    "\n",
    "def dir(A, B):\n",
    "    return unitaire(vec(A, B))\n",
    "\n",
    "def ra(A, B):\n",
    "    return A, dir(A, B)"
   ],
   "outputs": [],
   "metadata": {}
  },
  {
   "cell_type": "code",
   "execution_count": 35,
   "source": [
    "# Q6\n",
    "def sp(A, B):\n",
    "    return (A, norme(B - A))"
   ],
   "outputs": [],
   "metadata": {}
  },
  {
   "cell_type": "code",
   "execution_count": 36,
   "source": [
    "# Q8\n",
    "def intersection(r, s):\n",
    "    S, u = r\n",
    "    C, r_s = s\n",
    "    CS = vec(S, C)\n",
    "    b = 2*ps(u, CS)\n",
    "    delta = b**2 - 4*(norme(CS)**2 - r_s**2)\n",
    "    if delta < 0:\n",
    "        return None\n",
    "    t1, t2 = -b - delta**0.5, -b + delta**0.5\n",
    "    t = min(abs(t1), abs(t2))/2\n",
    "    return S + t*u, t"
   ],
   "outputs": [
    {
     "output_type": "execute_result",
     "data": {
      "text/plain": [
       "(array([1.29289322, 1.29289322, 0.        ]), 1.8284271247461916)"
      ]
     },
     "metadata": {},
     "execution_count": 36
    }
   ],
   "metadata": {}
  },
  {
   "cell_type": "markdown",
   "source": [
    "# II Optique\n",
    "\n",
    "Q 9. P est le premier point d'intersection d'un rayon partant de S et allant en P. (ou : Produit scalaire positif avec la normale au plan tangent)"
   ],
   "metadata": {}
  },
  {
   "cell_type": "code",
   "execution_count": 59,
   "source": [
    "# Q10\n",
    "def au_dessus(s, P, src):\n",
    "    return ps(vec(P, src), vec(s[0], P)) > 0"
   ],
   "outputs": [],
   "metadata": {}
  },
  {
   "cell_type": "code",
   "execution_count": 84,
   "source": [
    "# Q11\n",
    "def visible(obj, j, P, src):\n",
    "    for i, o in enumerate(obj):\n",
    "        inter = intersection(ra(src, P), o)\n",
    "        if i != j and inter != None and inter[1] < norme(vec(src, P)):\n",
    "            return False\n",
    "    return au_dessus(obj[j], P, src)"
   ],
   "outputs": [],
   "metadata": {}
  },
  {
   "cell_type": "code",
   "execution_count": 40,
   "source": [
    "# Q12\n",
    "def couleur_diffusée(r, Cs, N, kd):\n",
    "    cos = ps(-r[1], N)\n",
    "    return cos*(Cs*kd)"
   ],
   "outputs": [],
   "metadata": {}
  },
  {
   "cell_type": "code",
   "execution_count": 88,
   "source": [
    "# Q13\n",
    "def rayon_réfléchi(s, P, src):\n",
    "    C, r = s\n",
    "    u = dir(src, P)\n",
    "    N = dir(C, P)\n",
    "    return P, 2*N + u"
   ],
   "outputs": [],
   "metadata": {}
  },
  {
   "cell_type": "markdown",
   "source": [
    "## Digression : affichage d'un rayon avec Plotly"
   ],
   "metadata": {}
  },
  {
   "cell_type": "code",
   "execution_count": 89,
   "source": [
    "import plotly.graph_objects as go\n",
    "\n",
    "def line(P, Q):\n",
    "    return go.Scatter3d(x=[P[0], Q[0]], y=[P[1], Q[1]], z=[P[2], Q[2]])\n",
    "\n",
    "theta, phi = np.mgrid[0:2*np.pi:100j, 0:2*np.pi:100j]\n",
    "s = (O, 1)\n",
    "src = point(3, 3, 2)\n",
    "P = point(1, 0, 0)\n",
    "_, u = rayon_réfléchi(s, P, src)\n",
    "\n",
    "fig = go.Figure(data=[ \n",
    "    line(src, P),\n",
    "    go.Surface(x=np.cos(theta)*np.cos(phi), y=np.sin(theta)*np.cos(phi), z=np.sin(phi)),\n",
    "    line(P, P + 3*u),\n",
    "])\n",
    "fig.show()"
   ],
   "outputs": [
    {
     "output_type": "display_data",
     "data": {
      "text/html": [
       "<div>                            <div id=\"00a51da7-715e-44df-b737-3c99ebb554e8\" class=\"plotly-graph-div\" style=\"height:525px; width:100%;\"></div>            <script type=\"text/javascript\">                require([\"plotly\"], function(Plotly) {                    window.PLOTLYENV=window.PLOTLYENV || {};                                    if (document.getElementById(\"00a51da7-715e-44df-b737-3c99ebb554e8\")) {                    Plotly.newPlot(                        \"00a51da7-715e-44df-b737-3c99ebb554e8\",                        [{\"type\":\"scatter3d\",\"x\":[3,1],\"y\":[3,0],\"z\":[2,0]},{\"type\":\"surface\",\"x\":[[1.0,0.9979866764718844,0.9919548128307953,0.9819286972627067,0.9679487013963562,0.9500711177409454,0.9283679330160726,0.9029265382866212,0.8738493770697849,0.8412535328311812,0.8052702575310586,0.766044443118978,0.7237340381050701,0.6785094115571322,0.6305526670845225,0.5800569095711982,0.5272254676105024,0.4722710747726827,0.41541501300188644,0.3568862215918719,0.2969203753282749,0.23575893550942728,0.17364817766693041,0.1108381999010111,0.04758191582374218,-0.01586596383480803,-0.07924995685678854,-0.14231483827328523,-0.20480666806519074,-0.26647381369003503,-0.32706796331742166,-0.3863451256931287,-0.4440666126057741,-0.5000000000000002,-0.5539200638661103,-0.6056096871376668,-0.654860733945285,-0.7014748877063214,-0.7452644496757547,-0.7860530947427875,-0.8236765814298327,-0.8579834132349771,-0.8888354486549234,-0.9161084574320696,-0.9396926207859083,-0.9594929736144974,-0.975429786885407,-0.9874388886763943,-0.9954719225730846,-0.9994965423831851,-0.9994965423831851,-0.9954719225730846,-0.9874388886763943,-0.975429786885407,-0.9594929736144974,-0.9396926207859084,-0.9161084574320696,-0.8888354486549235,-0.857983413234977,-0.8236765814298328,-0.7860530947427874,-0.7452644496757548,-0.7014748877063213,-0.6548607339452852,-0.6056096871376666,-0.5539200638661105,-0.4999999999999996,-0.44406661260577396,-0.3863451256931287,-0.3270679633174219,-0.26647381369003464,-0.20480666806519054,-0.14231483827328523,-0.07924995685678879,-0.01586596383480761,0.04758191582374238,0.11083819990101086,0.17364817766692997,0.23575893550942748,0.2969203753282749,0.35688622159187167,0.4154150130018868,0.4722710747726829,0.5272254676105024,0.5800569095711979,0.6305526670845228,0.6785094115571323,0.7237340381050701,0.7660444431189778,0.8052702575310587,0.8412535328311812,0.8738493770697849,0.9029265382866211,0.9283679330160727,0.9500711177409454,0.9679487013963562,0.9819286972627068,0.9919548128307953,0.9979866764718844,1.0],[0.9979866764718844,0.9959774064153978,0.9899576868672957,0.9799517571135758,0.9659999075018261,0.9481583172062146,0.9264988280137832,0.9011086550429288,0.8720900355589012,0.8395598173004218,0.8036489879750797,0.7645021478180644,0.722276927338055,0.6771433525947964,0.6292831605641652,0.5788890673475124,0.5261639921719404,0.47132024030619446,0.4145786481822773,0.3561676941650807,0.2963225785506496,0.23528427649760267,0.1732985677052192,0.11061504674533641,0.047486118033101425,-0.01583402051652318,-0.07909040105404662,-0.14202831246098965,-0.20439432598166013,-0.2659373156913062,-0.32640946969158185,-0.38556728796159795,-0.44317256284656437,-0.49899333823594244,-0.5528048435688333,-0.6043903989056979,-0.6535422874219939,-0.70006259181052,-0.7437639912245544,-0.7844705155527938,-0.8220182539888822,-0.8562560150423781,-0.8870459353335233,-0.914264034720416,-0.9378007155232835,-0.9575612038356577,-0.9734659311454459,-0.9854508547292459,-0.9934677155297897,-0.9974842324781349,-0.9974842324781349,-0.9934677155297897,-0.9854508547292459,-0.9734659311454459,-0.9575612038356577,-0.9378007155232836,-0.914264034720416,-0.8870459353335234,-0.856256015042378,-0.8220182539888823,-0.7844705155527937,-0.7437639912245545,-0.7000625918105199,-0.6535422874219942,-0.6043903989056977,-0.5528048435688335,-0.49899333823594183,-0.4431725628465642,-0.38556728796159795,-0.3264094696915821,-0.2659373156913058,-0.20439432598165994,-0.14202831246098965,-0.07909040105404687,-0.01583402051652276,0.047486118033101626,0.11061504674533618,0.17329856770521876,0.23528427649760286,0.2963225785506496,0.3561676941650805,0.4145786481822777,0.4713202403061946,0.5261639921719404,0.5788890673475122,0.6292831605641656,0.6771433525947965,0.722276927338055,0.7645021478180641,0.8036489879750798,0.8395598173004218,0.8720900355589012,0.9011086550429287,0.9264988280137834,0.9481583172062146,0.9659999075018261,0.979951757113576,0.9899576868672957,0.9959774064153978,0.9979866764718844],[0.9919548128307953,0.9899576868672957,0.9839743506981782,0.9740288971064149,0.960161372923434,0.9424276177746641,0.9208990392330706,0.8956623252860633,0.8668190952735656,0.8344854907027996,0.7987917075874277,0.7598814721941567,0.7179114623077905,0.6730506763450881,0.6254797528577863,0.5753902431649074,0.5229838400432044,0.468471565581535,0.4120729214693887,0.35401500514105505,0.2945315953344084,0.23386221074644148,0.17225114557600865,0.10994648583730975,0.047199110405070833,-0.015738319186137165,-0.07861237612072428,-0.14116988876242156,-0.2031589600871051,-0.26432998198320695,-0.3244366403354824,-0.38323690684501754,-0.440494013591766,-0.4959774064153979,-0.5494636732755296,-0.6007374438531609,-0.6495922567709325,-0.6958313909402272,-0.7392686576875589,-0.7797291504706492,-0.817049949165339,-0.8510807760874286,-0.8816846011078705,-0.9087381934247373,-0.9321326177701652,-0.951773673054232,-0.9675822716794965,-0.9794947579988412,-0.9874631646342961,-0.9914554056247394,-0.9914554056247394,-0.9874631646342961,-0.9794947579988412,-0.9675822716794965,-0.951773673054232,-0.9321326177701653,-0.9087381934247373,-0.8816846011078706,-0.8510807760874285,-0.8170499491653391,-0.7797291504706491,-0.739268657687559,-0.6958313909402271,-0.6495922567709327,-0.6007374438531606,-0.5494636732755298,-0.4959774064153973,-0.4404940135917658,-0.38323690684501754,-0.32443664033548264,-0.26432998198320656,-0.2031589600871049,-0.14116988876242156,-0.07861237612072453,-0.01573831918613675,0.047199110405071035,0.10994648583730951,0.1722511455760082,0.23386221074644167,0.2945315953344084,0.35401500514105483,0.41207292146938906,0.4684715655815352,0.5229838400432044,0.5753902431649073,0.6254797528577867,0.6730506763450882,0.7179114623077905,0.7598814721941565,0.7987917075874278,0.8344854907027996,0.8668190952735656,0.8956623252860632,0.9208990392330707,0.9424276177746641,0.960161372923434,0.974028897106415,0.9839743506981782,0.9899576868672957,0.9919548128307953],[0.9819286972627067,0.9799517571135758,0.9740288971064149,0.9641839665080363,0.9504566073792527,0.9329020949502902,0.9115911150469439,0.8866094794637074,0.8580577804299617,0.8260509855605714,0.7907179749218768,0.7522010220771537,0.7106552212011896,0.6662478625707805,0.6191577589458304,0.5695745255534783,0.517697816574502,0.4637365212063987,0.4079079225403127,0.35043682263871645,0.2915546373368469,0.2314984644128144,0.17051012887853204,0.10883520923574329,0.04672204861807093,-0.015579245199130266,-0.07781780689451208,-0.13974302374683975,-0.20110554476396833,-0.26165828473128133,-0.3211574191366426,-0.3793633659656505,-0.43604175041385085,-0.4909643486313536,-0.5439100066997249,-0.5946655311407646,-0.6430265473713936,-0.6887983226479716,-0.7317965501863218,-0.7718480913001043,-0.8087916725691954,-0.8424785352308316,-0.8727730341786424,-0.8995531841576199,-0.9227111509556857,-0.942153685614004,-0.9578024999076273,-0.9695945815845467,-0.977482448093791,-0.9814343377809006,-0.9814343377809006,-0.977482448093791,-0.9695945815845467,-0.9578024999076273,-0.942153685614004,-0.9227111509556857,-0.8995531841576199,-0.8727730341786425,-0.8424785352308315,-0.8087916725691955,-0.7718480913001042,-0.731796550186322,-0.6887983226479715,-0.6430265473713939,-0.5946655311407644,-0.5439100066997251,-0.49096434863135296,-0.4360417504138507,-0.3793633659656505,-0.3211574191366428,-0.26165828473128094,-0.20110554476396814,-0.13974302374683975,-0.07781780689451233,-0.015579245199129853,0.046722048618071124,0.10883520923574307,0.1705101288785316,0.2314984644128146,0.2915546373368469,0.3504368226387162,0.4079079225403131,0.46373652120639886,0.517697816574502,0.5695745255534781,0.6191577589458307,0.6662478625707806,0.7106552212011896,0.7522010220771534,0.7907179749218769,0.8260509855605714,0.8580577804299617,0.8866094794637073,0.911591115046944,0.9329020949502902,0.9504566073792527,0.9641839665080364,0.9740288971064149,0.9799517571135758,0.9819286972627067],[0.9679487013963562,0.9659999075018261,0.960161372923434,0.9504566073792527,0.9369246885348924,0.9196201046515328,0.8986125351809269,0.8739865701908422,0.8458413697507132,0.8142902646490388,0.7794603000502975,0.7414917239289096,0.7005374223401436,0.6567623038019319,0.6103426352664725,0.561465332355425,0.5103272067166724,0.4571341735332797,0.4021004223757264,0.3454475547361046,0.2874036917171224,0.22820255546893745,0.16808252807254906,0.10728569165929343,0.04605685363154198,-0.015357439090303984,-0.07670989282524572,-0.1377534628960589,-0.19824234839101595,-0.257932981917404,-0.31658501036144937,-0.37396226270547595,-0.4298337010052379,-0.48397435069817835,-0.5361662064965882,-0.5861991102179582,-0.6338715970178034,-0.6789917066174886,-0.7213777562605168,-0.7608590722848682,-0.7972766773655966,-0.8304839306604094,-0.8603471182805807,-0.8867459917095909,-0.9095742520014586,-0.928739977809081,-0.9441659955190542,-0.955790190002577,-0.9635657547311514,-0.9674613802499521,-0.9674613802499521,-0.9635657547311514,-0.955790190002577,-0.9441659955190542,-0.928739977809081,-0.9095742520014587,-0.8867459917095909,-0.8603471182805809,-0.8304839306604093,-0.7972766773655967,-0.760859072284868,-0.7213777562605169,-0.6789917066174885,-0.6338715970178036,-0.586199110217958,-0.5361662064965883,-0.48397435069817774,-0.4298337010052377,-0.37396226270547595,-0.3165850103614496,-0.2579329819174036,-0.19824234839101576,-0.1377534628960589,-0.07670989282524597,-0.015357439090303578,0.046056853631542174,0.1072856916592932,0.16808252807254861,0.2282025554689376,0.2874036917171224,0.3454475547361044,0.4021004223757268,0.45713417353327984,0.5103272067166724,0.5614653323554247,0.6103426352664728,0.656762303801932,0.7005374223401436,0.7414917239289095,0.7794603000502976,0.8142902646490388,0.8458413697507132,0.8739865701908422,0.898612535180927,0.9196201046515328,0.9369246885348924,0.9504566073792529,0.960161372923434,0.9659999075018261,0.9679487013963562],[0.9500711177409454,0.9481583172062146,0.9424276177746641,0.9329020949502902,0.9196201046515328,0.9026351287655294,0.8820155597954312,0.8578444254679327,0.8302190544099195,0.7992506842404394,0.7650640136560719,0.7277967003132876,0.6875988065296519,0.6446321950358357,0.5990698772115266,0.5510953164296667,0.5009016893142026,0.4486911078860003,0.3946738057290716,0.33906729145413245,0.2820954728681952,0.22398775537685706,0.16497811824969885,0.10530417246834796,0.04520620395091831,-0.015073793994573481,-0.0752930950918508,-0.13520921746942197,-0.19458090004949455,-0.25316907402118405,-0.31073782548623735,-0.3670553454010368,-0.4218948629898032,-0.47503555887047294,-0.5262634542164113,-0.5753722723736274,-0.6221642694640528,-0.6664510306303489,-0.7080542287160349,-0.7468063423260094,-0.782551330376082,-0.8151452604153462,-0.8444568881913578,-0.8703681861244197,-0.8927748185629862,-0.911586561906509,-0.9267276679040308,-0.9381371686656589,-0.9457691221587383,-0.9495927972002028,-0.9495927972002028,-0.9457691221587383,-0.9381371686656589,-0.9267276679040308,-0.911586561906509,-0.8927748185629863,-0.8703681861244197,-0.8444568881913579,-0.8151452604153461,-0.7825513303760822,-0.7468063423260093,-0.708054228716035,-0.6664510306303488,-0.622164269464053,-0.5753722723736272,-0.5262634542164115,-0.47503555887047233,-0.42189486298980305,-0.3670553454010368,-0.3107378254862376,-0.25316907402118366,-0.19458090004949438,-0.13520921746942197,-0.07529309509185103,-0.015073793994573082,0.045206203950918504,0.10530417246834774,0.16497811824969844,0.22398775537685722,0.2820954728681952,0.3390672914541322,0.394673805729072,0.4486911078860004,0.5009016893142026,0.5510953164296666,0.5990698772115268,0.6446321950358358,0.6875988065296519,0.7277967003132874,0.765064013656072,0.7992506842404394,0.8302190544099195,0.8578444254679326,0.8820155597954313,0.9026351287655294,0.9196201046515328,0.9329020949502903,0.9424276177746641,0.9481583172062146,0.9500711177409454],[0.9283679330160726,0.9264988280137832,0.9208990392330706,0.9115911150469439,0.8986125351809269,0.8820155597954312,0.861867019052535,0.8382480440145083,0.8112537399576588,0.7809928034169524,0.7475870845034294,0.711171096256814,0.6718914730089794,0.6299063799392465,0.5853848761990299,0.5385062341703042,0.4894592175989944,0.4384413215099945,0.38565797696440623,0.33132172386116215,0.27565135511386707,0.21887103564895655,0.16120939977265591,0.10289863054132393,0.04417352484223228,-0.01472945205062849,-0.0735731186387497,-0.13212053224528647,-0.19013594309959,-0.24738574361832785,-0.3036394090607714,-0.3586704257705646,-0.4122572032662716,-0.4641839665080365,-0.5142416247475117,-0.5622286134625062,-0.6079517059861724,-0.6512267915625992,-0.6918796166958412,-0.7297464868072487,-0.7646749253757585,-0.7965242879070304,-0.8251663282591847,-0.8504857150447531,-0.8723804960294698,-0.8907625086579359,-0.9055577350531135,-0.916706600060192,-0.9241642111347104,-0.927900539108989,-0.927900539108989,-0.9241642111347104,-0.916706600060192,-0.9055577350531135,-0.8907625086579359,-0.8723804960294699,-0.8504857150447531,-0.8251663282591848,-0.7965242879070304,-0.7646749253757587,-0.7297464868072486,-0.6918796166958413,-0.6512267915625991,-0.6079517059861727,-0.562228613462506,-0.5142416247475119,-0.46418396650803595,-0.4122572032662714,-0.3586704257705646,-0.3036394090607716,-0.2473857436183275,-0.1901359430995898,-0.13212053224528647,-0.07357311863874993,-0.0147294520506281,0.04417352484223247,0.10289863054132371,0.1612093997726555,0.21887103564895674,0.27565135511386707,0.33132172386116193,0.38565797696440657,0.43844132150999465,0.4894592175989944,0.538506234170304,0.5853848761990302,0.6299063799392466,0.6718914730089794,0.7111710962568137,0.7475870845034295,0.7809928034169524,0.8112537399576588,0.8382480440145081,0.8618670190525352,0.8820155597954312,0.8986125351809269,0.911591115046944,0.9208990392330706,0.9264988280137832,0.9283679330160726],[0.9029265382866212,0.9011086550429288,0.8956623252860633,0.8866094794637074,0.8739865701908422,0.8578444254679327,0.8382480440145083,0.8152763335422611,0.7890217930215412,0.7595901402206489,0.7270998860176947,0.6916818571991213,0.6534786696664086,0.6126441541721737,0.5693427368980242,0.5237487773683576,0.476045866366096,0.42642608667740045,0.37508923964208507,0.32224204062414086,0.26809728664192356,0.21287299950966596,0.15679154794058164,0.10007875214654047,0.04296297453977693,-0.014325799801943939,-0.07155688920406415,-0.12849984426891778,-0.18492537581411975,-0.24060627813917737,-0.29531834390265516,-0.3488412669260062,-0.4009595292887977,-0.4514632691433108,-0.5001491257541311,-0.5468210583600572,-0.5912911355610522,-0.6333802920516651,-0.672919049653813,-0.7097481997455906,-0.743719444338197,-0.7746959932195975,-0.8025531147604258,-0.8271786381642351,-0.8484734051397028,-0.8663516691760744,-0.8807414408140972,-0.891584777522165,-0.8988380170104426,-0.9024719530434965,-0.9024719530434965,-0.8988380170104426,-0.891584777522165,-0.8807414408140972,-0.8663516691760744,-0.8484734051397029,-0.8271786381642351,-0.8025531147604259,-0.7746959932195974,-0.7437194443381971,-0.7097481997455904,-0.6729190496538131,-0.633380292051665,-0.5912911355610524,-0.546821058360057,-0.5001491257541313,-0.45146326914331025,-0.4009595292887975,-0.3488412669260062,-0.2953183439026553,-0.240606278139177,-0.18492537581411958,-0.12849984426891778,-0.07155688920406438,-0.014325799801943559,0.04296297453977711,0.10007875214654026,0.15679154794058123,0.21287299950966612,0.26809728664192356,0.3222420406241407,0.3750892396420854,0.42642608667740056,0.476045866366096,0.5237487773683575,0.5693427368980245,0.6126441541721738,0.6534786696664086,0.6916818571991211,0.7270998860176948,0.7595901402206489,0.7890217930215412,0.815276333542261,0.8382480440145083,0.8578444254679327,0.8739865701908422,0.8866094794637075,0.8956623252860633,0.9011086550429288,0.9029265382866212],[0.8738493770697849,0.8720900355589012,0.8668190952735656,0.8580577804299617,0.8458413697507132,0.8302190544099195,0.8112537399576588,0.7890217930215412,0.7636127338052512,0.7351288756222836,0.7036849129163408,0.6694074594272892,0.6324345383623154,0.5929150266251862,0.5510080553415014,0.5068823690938161,0.46071564644676355,0.4126937844981866,0.3630101503371351,0.3118648024228465,0.25946368501993977,0.20601779893354863,0.15174235188355048,0.09685589193903485,0.04157942750236405,-0.013864462613658732,-0.069252525432112,-0.12436173277289748,-0.17897017930850515,-0.23285797609844705,-0.2858081360044122,-0.3376074474208883,-0.3880473328030452,-0.43692468853489264,-0.4840427027558559,-0.5292116478526775,-0.5722496444255495,-0.6129833936522663,-0.6512488751014143,-0.6868920071847615,-0.7197692675894293,-0.7497482711915926,-0.7767083031246476,-0.8005408048553756,-0.8211498113108396,-0.8384523372958641,-0.852378711645126,-0.8628728577643479,-0.8698925194309511,-0.8734094309449502,-0.8734094309449502,-0.8698925194309511,-0.8628728577643479,-0.852378711645126,-0.8384523372958641,-0.8211498113108398,-0.8005408048553756,-0.7767083031246477,-0.7497482711915925,-0.7197692675894294,-0.6868920071847614,-0.6512488751014144,-0.6129833936522662,-0.5722496444255496,-0.5292116478526773,-0.48404270275585615,-0.43692468853489214,-0.3880473328030451,-0.3376074474208883,-0.2858081360044124,-0.23285797609844672,-0.17897017930850498,-0.12436173277289748,-0.06925252543211222,-0.013864462613658365,0.04157942750236422,0.09685589193903464,0.1517423518835501,0.2060177989335488,0.25946368501993977,0.3118648024228463,0.3630101503371354,0.4126937844981868,0.46071564644676355,0.5068823690938159,0.5510080553415018,0.5929150266251864,0.6324345383623154,0.6694074594272891,0.7036849129163409,0.7351288756222836,0.7636127338052512,0.7890217930215412,0.8112537399576589,0.8302190544099195,0.8458413697507132,0.8580577804299618,0.8668190952735656,0.8720900355589012,0.8738493770697849],[0.8412535328311812,0.8395598173004218,0.8344854907027996,0.8260509855605714,0.8142902646490388,0.7992506842404394,0.7809928034169524,0.7595901402206489,0.7351288756222836,0.7077075065009433,0.6774364490318782,0.644437594079535,0.6088438163860669,0.5707984395316433,0.5304546588209782,0.4879749244199075,0.44353028722590665,0.3972997101064983,0.349469347278948,0.300231794732934,0.24978531471447157,0.19833303739382432,0.14608214293200183,0.09324302723937426,0.040028454785598994,-0.01334729812780401,-0.06666930618249205,-0.1197228604716994,-0.17229433305722477,-0.22417203717373996,-0.27514707961668017,-0.32501420188145125,-0.37357260666698305,-0.42062676641559077,-0.4659872106334388,-0.5094712888213486,-0.5509039059438913,-0.590118227475299,-0.6269563511832147,-0.6612699429452532,-0.6929208340381569,-0.7217815774944797,-0.7477359612865423,-0.7706794762712523,-0.7905197370115369,-0.8071768537798912,-0.8205837542461148,-0.8306864535539121,-0.8374442716988555,-0.8408299973324049,-0.8408299973324049,-0.8374442716988555,-0.8306864535539121,-0.8205837542461148,-0.8071768537798912,-0.7905197370115369,-0.7706794762712523,-0.7477359612865423,-0.7217815774944796,-0.692920834038157,-0.6612699429452531,-0.6269563511832148,-0.5901182274752989,-0.5509039059438914,-0.5094712888213484,-0.46598721063343895,-0.42062676641559027,-0.3735726066669829,-0.32501420188145125,-0.27514707961668033,-0.22417203717373962,-0.1722943330572246,-0.1197228604716994,-0.06666930618249226,-0.013347298127803657,0.04002845478559916,0.09324302723937407,0.14608214293200145,0.1983330373938245,0.24978531471447157,0.3002317947329338,0.34946934727894835,0.3972997101064984,0.44353028722590665,0.48797492441990725,0.5304546588209785,0.5707984395316434,0.6088438163860669,0.6444375940795349,0.6774364490318783,0.7077075065009433,0.7351288756222836,0.7595901402206487,0.7809928034169525,0.7992506842404394,0.8142902646490388,0.8260509855605715,0.8344854907027996,0.8395598173004218,0.8412535328311812],[0.8052702575310586,0.8036489879750797,0.7987917075874277,0.7907179749218768,0.7794603000502975,0.7650640136560719,0.7475870845034294,0.7270998860176947,0.7036849129163408,0.6774364490318782,0.6484601876641375,0.6168728059906559,0.5828014952488628,0.5463834485818588,0.5077653086100493,0.4671025769530687,0.42455898807964204,0.38030585000666806,0.33452135450229714,0.2873898595705731,0.23910114710681854,0.18984965871292475,0.1398337127496481,0.08925470577856616,0.03831630160920602,-0.012776388783234324,-0.06381763316739139,-0.11460190646681935,-0.1649247183369342,-0.21458343657545784,-0.26337810305077897,-0.31111223886277495,-0.3575936354939966,-0.4026351287655295,-0.4460553524810831,-0.4876794687246528,-0.5273398718710978,-0.5648768634748399,-0.6001392953191377,-0.6329851780366101,-0.6632822528503034,-0.6909085241331067,-0.7157527506410842,-0.7377148934427036,-0.7567065187403038,-0.7726511539617875,-0.7854845956886773,-0.7951551681806224,-0.8016239314553659,-0.8048648380863102,-0.8048648380863102,-0.8016239314553659,-0.7951551681806224,-0.7854845956886773,-0.7726511539617875,-0.7567065187403039,-0.7377148934427036,-0.7157527506410842,-0.6909085241331065,-0.6632822528503034,-0.63298517803661,-0.6001392953191378,-0.5648768634748398,-0.5273398718710979,-0.4876794687246526,-0.44605535248108324,-0.402635128765529,-0.3575936354939964,-0.31111223886277495,-0.26337810305077913,-0.21458343657545753,-0.16492471833693403,-0.11460190646681935,-0.0638176331673916,-0.012776388783233986,0.03831630160920618,0.08925470577856598,0.13983371274964773,0.18984965871292492,0.23910114710681854,0.28738985957057295,0.3345213545022975,0.38030585000666817,0.42455898807964204,0.46710257695306856,0.5077653086100495,0.5463834485818589,0.5828014952488628,0.6168728059906556,0.6484601876641376,0.6774364490318782,0.7036849129163408,0.7270998860176946,0.7475870845034295,0.7650640136560719,0.7794603000502975,0.7907179749218768,0.7987917075874277,0.8036489879750797,0.8052702575310586],[0.766044443118978,0.7645021478180644,0.7598814721941567,0.7522010220771537,0.7414917239289096,0.7277967003132876,0.711171096256814,0.6916818571991213,0.6694074594272892,0.644437594079535,0.6168728059906559,0.5868240888334652,0.5544124381864476,0.5197683643272688,0.48303136671394936,0.4443493722697839,0.4038781397338301,0.36178063247544096,0.3182263622982931,0.27339070687618167,0.2274542035690263,0.18060182246264228,0.13302222155948906,0.08490698711948001,0.03644986220973267,-0.01215403343038136,-0.06070898906756161,-0.1090194910326262,-0.15689100998505243,-0.20413078421397318,-0.2505485958215526,-0.2959575366633243,-0.34017476096132115,-0.3830222215594892,-0.42432738685674315,-0.4639239355308325,-0.501652426255601,-0.5373609397149366,-0.5709056903282351,-0.6021516052241879,-0.6309728681315597,-0.657253425996908,-0.6808874562892677,-0.7017797931101357,-0.7198463103929541,-0.7350142606490899,-0.747222567896295,-0.756422073590131,-0.762575734568077,-0.765658772209271,-0.765658772209271,-0.762575734568077,-0.756422073590131,-0.747222567896295,-0.7350142606490899,-0.7198463103929542,-0.7017797931101357,-0.6808874562892678,-0.657253425996908,-0.6309728681315598,-0.6021516052241879,-0.5709056903282352,-0.5373609397149365,-0.5016524262556012,-0.46392393553083233,-0.4243273868567433,-0.38302222155948873,-0.34017476096132104,-0.2959575366633243,-0.25054859582155276,-0.20413078421397288,-0.15689100998505226,-0.1090194910326262,-0.0607089890675618,-0.01215403343038104,0.03644986220973282,0.08490698711947983,0.13302222155948873,0.18060182246264242,0.2274542035690263,0.2733907068761815,0.31822636229829343,0.36178063247544107,0.4038781397338301,0.4443493722697837,0.48303136671394964,0.5197683643272689,0.5544124381864476,0.5868240888334649,0.6168728059906559,0.644437594079535,0.6694074594272892,0.6916818571991212,0.7111710962568141,0.7277967003132876,0.7414917239289096,0.7522010220771538,0.7598814721941567,0.7645021478180644,0.766044443118978],[0.7237340381050701,0.722276927338055,0.7179114623077905,0.7106552212011896,0.7005374223401436,0.6875988065296519,0.6718914730089794,0.6534786696664086,0.6324345383623154,0.6088438163860669,0.5828014952488628,0.5544124381864476,0.523790957911871,0.49106035631853817,0.4563524279870034,0.4198069294947107,0.38157101666558274,0.3417986520254552,0.3006499848493255,0.2582907062967463,0.21489138223200543,0.1706267664155906,0.1256750968324742,0.08021737799065574,0.03443665207989246,-0.011482738074594618,-0.057355891295616156,-0.1029980925857947,-0.14822555690966518,-0.19285616923114715,-0.23671021782651852,-0.2796111179200989,-0.3213861227288167,-0.3618670190525352,-0.4008908046092383,-0.4383003443876917,-0.47394500337467105,-0.5076812531089966,-0.5393732496199867,-0.5688933804231848,-0.5961227783707924,-0.620951800287721,-0.6432804684659593,-0.6630188732395185,-0.6800875350189217,-0.6944177243274616,-0.7059517385505436,-0.7146431342837496,-0.7204569143440361,-0.7233696686910379,-0.7233696686910379,-0.7204569143440361,-0.7146431342837496,-0.7059517385505436,-0.6944177243274616,-0.6800875350189218,-0.6630188732395185,-0.6432804684659594,-0.6209518002877209,-0.5961227783707925,-0.5688933804231847,-0.5393732496199868,-0.5076812531089965,-0.4739450033746712,-0.43830034438769155,-0.4008908046092385,-0.36186701905253477,-0.3213861227288166,-0.2796111179200989,-0.2367102178265187,-0.19285616923114687,-0.14822555690966505,-0.1029980925857947,-0.057355891295616336,-0.011482738074594314,0.034436652079892605,0.08021737799065556,0.12567509683247388,0.17062676641559074,0.21489138223200543,0.2582907062967461,0.30064998484932576,0.3417986520254553,0.38157101666558274,0.41980692949471055,0.45635242798700365,0.4910603563185383,0.523790957911871,0.5544124381864475,0.5828014952488628,0.6088438163860669,0.6324345383623154,0.6534786696664084,0.6718914730089794,0.6875988065296519,0.7005374223401436,0.7106552212011897,0.7179114623077905,0.722276927338055,0.7237340381050701],[0.6785094115571322,0.6771433525947964,0.6730506763450881,0.6662478625707805,0.6567623038019319,0.6446321950358357,0.6299063799392465,0.6126441541721737,0.5929150266251862,0.5707984395316433,0.5463834485818588,0.5197683643272688,0.49106035631853817,0.46037502157160576,0.42783591909929963,0.3935740723828023,0.3577274417863358,0.3204403690394673,0.28186299602390835,0.24215066020514928,0.20146326914331064,0.15996465660183737,0.1178219228467573,0.07520476179288682,0.0322847777063283,-0.010765205785342336,-0.053771841592827704,-0.09656195717265519,-0.13896325183188946,-0.18080499052221055,-0.22191869132969347,-0.262138803892011,-0.3013033760113128,-0.33925470577856626,-0.37583997658348356,-0.41091187245307725,-0.444329171241087,-0.4759573132797215,-0.5056689432039463,-0.5333444227665914,-0.558872312579346,-0.582149820839844,-0.6030832172379716,-0.6215882103747457,-0.637590287174026,-0.6510250129203755,-0.6618382907149164,-0.6699865793044488,-0.6754370684067107,-0.6781678108258031,-0.6781678108258031,-0.6754370684067107,-0.6699865793044488,-0.6618382907149164,-0.6510250129203755,-0.6375902871740261,-0.6215882103747457,-0.6030832172379716,-0.582149820839844,-0.5588723125793461,-0.5333444227665913,-0.5056689432039463,-0.4759573132797214,-0.4443291712410872,-0.4109118724530771,-0.37583997658348367,-0.3392547057785658,-0.3013033760113127,-0.262138803892011,-0.2219186913296936,-0.18080499052221027,-0.13896325183188935,-0.09656195717265519,-0.05377184159282787,-0.010765205785342052,0.03228477770632844,0.07520476179288667,0.117821922846757,0.1599646566018375,0.20146326914331064,0.24215066020514914,0.28186299602390863,0.32044036903946743,0.3577274417863358,0.3935740723828021,0.42783591909929986,0.46037502157160587,0.49106035631853817,0.5197683643272686,0.5463834485818589,0.5707984395316433,0.5929150266251862,0.6126441541721737,0.6299063799392466,0.6446321950358357,0.6567623038019319,0.6662478625707806,0.6730506763450881,0.6771433525947964,0.6785094115571322],[0.6305526670845225,0.6292831605641652,0.6254797528577863,0.6191577589458304,0.6103426352664725,0.5990698772115266,0.5853848761990299,0.5693427368980242,0.5510080553415014,0.5304546588209782,0.5077653086100493,0.48303136671394936,0.4563524279870034,0.42783591909929963,0.39759666596740467,0.3657564313909247,0.3324434247566868,0.29779178578478904,0.2619410443952911,0.22503555887047272,0.1872239345749812,0.1486584255744773,0.10949432156224999,0.06988932256243001,0.030002903927651876,-0.010004325811904781,-0.049971271662381356,-0.08973700083892248,-0.1291413907852005,-0.16802577393043575,-0.206233576587703,-0.24361094942090736,-0.2800073869417603,-0.3152763335422614,-0.34927577362240486,-0.38186880343687907,-0.41292418235812733,-0.44231686133603687,-0.469928486426326,-0.4956478753601075,-0.5193714652356429,-0.5410037295295967,-0.5604575627486301,-0.5776546311724793,-0.5925256882761993,-0.6050108535614807,-0.6150598536742808,-0.6226322248378773,-0.6276974757862158,-0.6302352105414758,-0.6302352105414758,-0.6276974757862158,-0.6226322248378773,-0.6150598536742808,-0.6050108535614807,-0.5925256882761993,-0.5776546311724793,-0.5604575627486301,-0.5410037295295967,-0.5193714652356429,-0.49564787536010746,-0.46992848642632606,-0.4423168613360368,-0.4129241823581275,-0.3818688034368789,-0.34927577362240503,-0.31527633354226103,-0.2800073869417602,-0.24361094942090736,-0.20623357658770314,-0.1680257739304355,-0.1291413907852004,-0.08973700083892248,-0.049971271662381515,-0.010004325811904516,0.030002903927652005,0.06988932256242986,0.10949432156224971,0.14865842557447745,0.1872239345749812,0.22503555887047258,0.2619410443952913,0.29779178578478915,0.3324434247566868,0.36575643139092456,0.3975966659674049,0.4278359190992997,0.4563524279870034,0.48303136671394925,0.5077653086100494,0.5304546588209782,0.5510080553415014,0.5693427368980242,0.58538487619903,0.5990698772115266,0.6103426352664725,0.6191577589458305,0.6254797528577863,0.6292831605641652,0.6305526670845225],[0.5800569095711982,0.5788890673475124,0.5753902431649074,0.5695745255534783,0.561465332355425,0.5510953164296667,0.5385062341703042,0.5237487773683576,0.5068823690938161,0.4879749244199075,0.4671025769530687,0.4443493722697839,0.4198069294947107,0.3935740723828023,0.3657564313909247,0.33646601834128914,0.30582077538937785,0.2739441001125106,0.24096434863135335,0.20701431876512302,0.1722307153016394,0.1367535995353938,0.10072582529015,0.06429246369701518,0.02760021904419678,-0.009203161949387141,-0.04596948505799955,-0.0825507052749267,-0.11879952293746875,-0.15456997685069296,-0.1897180320216496,-0.22410215963745234,-0.2575839069518558,-0.2900284547855992,-0.3213051603956566,-0.3512880835274552,-0.37985649353182865,-0.40689535550473205,-0.432295793492198,-0.45595552889537755,-0.4777792923103581,-0.49767920714442904,-0.5155751434641043,-0.5313950406500838,-0.5450751975599338,-0.5565605290301046,-0.5658047876844416,-0.5727707501560476,-0.5774303669726425,-0.5797648755018884,-0.5797648755018884,-0.5774303669726425,-0.5727707501560476,-0.5658047876844416,-0.5565605290301046,-0.5450751975599338,-0.5313950406500838,-0.5155751434641043,-0.497679207144429,-0.47777929231035815,-0.4559555288953775,-0.43229579349219804,-0.406895355504732,-0.37985649353182876,-0.3512880835274551,-0.32130516039565676,-0.29002845478559885,-0.25758390695185573,-0.22410215963745234,-0.18971803202164975,-0.15456997685069274,-0.11879952293746864,-0.0825507052749267,-0.04596948505799969,-0.009203161949386897,0.0276002190441969,0.06429246369701504,0.10072582529014974,0.1367535995353939,0.1722307153016394,0.20701431876512288,0.24096434863135358,0.2739441001125107,0.30582077538937785,0.33646601834128903,0.3657564313909249,0.39357407238280234,0.4198069294947107,0.44434937226978377,0.4671025769530688,0.4879749244199075,0.5068823690938161,0.5237487773683576,0.5385062341703042,0.5510953164296667,0.561465332355425,0.5695745255534783,0.5753902431649074,0.5788890673475124,0.5800569095711982],[0.5272254676105024,0.5261639921719404,0.5229838400432044,0.517697816574502,0.5103272067166724,0.5009016893142026,0.4894592175989944,0.476045866366096,0.46071564644676355,0.44353028722590665,0.42455898807964204,0.4038781397338301,0.38157101666558274,0.3577274417863358,0.3324434247566868,0.30582077538937785,0.2779666936971129,0.24899333823594216,0.2190173744823425,0.18815950506252002,0.15654398372553563,0.12429811501731207,0.09155174167015899,0.058436721771916916,0.025086397819976035,-0.008364940201897982,-0.04178259556193248,-0.07503200715654583,-0.10797929134041913,-0.14049178102868262,-0.17243855990044227,-0.2036909895525981,-0.23412322748129108,-0.2636127338052513,-0.2920407646906493,-0.31929285049060646,-0.34525925667405966,-0.36983542568798994,-0.3929223979737835,-0.4144272104424487,-0.43426327080416355,-0.4523507062448657,-0.46861668504588266,-0.4829957098515589,-0.49542988140398897,-0.5058691316828948,-0.5142714255118714,-0.5206029298192068,-0.5248381498717203,-0.5269600319330551,-0.5269600319330551,-0.5248381498717203,-0.5206029298192068,-0.5142714255118714,-0.5058691316828948,-0.4954298814039891,-0.4829957098515589,-0.4686166850458827,-0.4